T[0] = [0.000000, 0.000000, 33629905725.128063];
T[3] = [-0.000000, -0.000000, -51092974.600725];
T[4] = [-0.000000, -0.000000, -51092974.600725];
T[5] = [-0.000000, -0.000000, -51092974.600725];
T[7] = [-0.000000, -0.000000, -51092974.600725];
T[8] = [-0.000000, -0.000000, -51092974.600725];
T[9] = [-0.000000, -0.000000, -51092974.600725];
T[11] = [-0.000000, -0.000000, -51092974.600725];
T[12] = [-0.000000, -0.000000, -51092974.600725];
T[14] = [-0.000000, -0.000000, -51092974.600725];
T[15] = [-0.000000, -0.000000, -51092974.600725];
T[17] = [-0.000000, -0.000000, -51092974.600725];
T[18] = [-0.000000, -0.000000, -51092974.600725];
T[21] = [-0.000000, -0.000000, -51092974.600725];
T[22] = [-0.000000, -0.000000, -51092974.600725];
T[23] = [-0.000000, -0.000000, -51092974.600725];
T[25] = [-0.000000, -0.000000, -51092974.600725];
T[26] = [-0.000000, -0.000000, -51092974.600725];
T[27] = [-0.000000, -0.000000, -51092974.600725];
T[28] = [-0.000000, -0.000000, -3691774.380070];
T[0,0] = [0.000000, 0.000000, 0.000000, 0.000000, 0.000000, 33629905725.128063];
T[0,3] = [2183653.442718, -1455700.182840, 1695166.013783, -1188230.034943, -630569.000296, -995423.407775];
T[0,4] = [81213.242603, -1616007.286274, 6177074.580244, -3924287.683494, -2181343.168601, 3843074.440891];
T[0,5] = [2680689.989566, 835725.174589, 2523403.197061, -1935488.692656, 442777.733045, -745201.296910];
T[0,7] = [-1461035.007750, -4005942.123710, 642537.251526, 4688258.979979, -1303137.799279, -3227223.972229];
T[0,8] = [994978.709665, -2367135.207965, -380862.894968, 552765.949814, 346945.605620, -1547744.659478];
T[0,9] = [-1618722.939003, -3296878.939618, -2190234.260585, 2462383.019353, 3931424.676950, -843660.080350];
T[0,11] = [2178233.538189, -662667.207227, -824953.053895, -1124303.582104, 159353.612250, -1053929.956085];
T[0,12] = [1655140.110537, -868675.031389, -3466266.387385, -2215472.297454, 742256.627652, 560332.186917];
T[0,14] = [856612.699864, 590185.882483, -818257.715036, -528532.673351, -301355.837622, -328080.026513];
T[0,15] = [1888519.653289, 1400751.595919, -266186.440346, -644533.762033, -118182.361481, -1243985.891257];
T[0,17] = [-565824.586480, 1259568.004202, -1725574.397178, -324683.062793, -1898640.855891, 890507.649273];
T[0,18] = [-363229.200228, 1402578.581040, -630396.905009, 1106644.577057, -1042018.534501, -743415.376829];
T[0,21] = [-226931.551133, 3184998.157448, 1913887.781686, 1429307.308246, 2475145.195670, -1202375.757113];
T[0,22] = [-4206606.131262, -98452.800588, -66304.947335, 4475814.635728, 5848096.354950, -269208.504466];
T[0,23] = [-1160809.707160, 1079271.709757, 199642.750205, 2482546.664590, 728645.367501, -1321736.957430];
T[0,25] = [-2720848.397628, -1117553.214686, 1517381.637536, 32068.612156, -4276257.342146, 2688779.785471];
T[0,26] = [-1566807.173193, -769325.096553, 329710.755665, 2501224.330400, -1803711.780993, -934417.157206];
T[0,27] = [-110704.466479, -8267410.700280, 2908479.664641, 4952652.505508, -3932438.797511, -4841948.039029];
T[0,28] = [23000734.248801, -7575610.941830, -13178180.934035, 39125279.476152, 33269447.875029, 77873986.275047];
T[3,3] = [-0.000000, 0.000000, 0.000000, -0.000000, 0.000000, -51092974.600725];
T[3,4] = [-23522.519065, 16635.300082, 18781.790415, 12652.255520, -7323.717017, 10870.263545];
T[3,5] = [24058.805203, 7383.570334, 928.472916, -47722.294207, -9120.881001, 23663.489004];
T[3,7] = [-5177.022838, -9516.500057, -6529.569382, 733.723823, -4809.414007, 4443.299016];
T[3,8] = [9974.975073, -3640.385526, -4872.516011, -419.589151, -15449.441011, -9555.385922];
T[3,9] = [307.094379, -1283.943312, -3592.447450, 2118.697720, -1862.053914, -2425.792100];
T[3,11] = [6453.513448, -1322.490442, 7116.258091, 7864.169919, 4269.754855, -14317.683368];
T[3,12] = [2409.004109, 294.615047, -1565.142438, 2461.876988, 1430.987372, -4870.881096];
T[3,14] = [1245.414070, -526.754739, 678.972838, -113.622058, 1984.109516, -1131.792012];
T[3,15] = [3224.317662, -1386.536383, 828.907620, -4023.083187, 4485.853003, 798.765525];
T[3,17] = [688.045422, 431.827586, -557.658141, -35.247023, 1194.416727, -652.798399];
T[3,18] = [686.438701, 431.549049, -275.519874, -824.757669, 1037.949869, 138.318968];
T[3,21] = [1385.299565, 2652.557321, -15.789032, -3875.605789, 37.893676, 2490.306224];
T[3,22] = [-486.258797, 1851.828640, 77.159527, -749.097742, -82.829396, 1235.356539];
T[3,23] = [424.393675, 913.425590, -130.764084, -1214.520416, 292.985566, 790.126741];
T[3,25] = [-96.317884, 515.029667, -659.093909, 174.749085, 508.088566, -78.431201];
T[3,26] = [-4.838964, 558.265713, -346.858969, -201.845142, 413.418393, 206.684106];
T[3,27] = [-537.832059, 792.860481, -530.359376, 122.885009, 353.572917, 414.947050];
T[3,28] = [-164.136068, 217.007147, -265.404425, 111.622893, 145.815079, 52.513175];
T[4,4] = [-0.000000, 0.000000, 0.000000, -0.000000, 0.000000, -51092974.600725];
T[4,5] = [-15626.994682, -25983.029965, 12125.413984, 299.156281, 8965.975129, 15327.838401];
T[4,7] = [6667.247587, -1652.383399, -1361.763203, -5287.237332, -10036.699162, -1380.010256];
T[4,8] = [2036.859329, 2019.507160, 2566.457016, -7.962981, -4175.930060, -2028.896347];
T[4,9] = [2079.329120, -222.745116, -480.077984, 1002.915074, -2415.392355, -3082.244194];
T[4,11] = [-274.011968, 223.225687, 3303.740166, 2262.426454, -288.536259, -1988.414486];
T[4,12] = [1406.926964, -4.934251, 1011.521554, 1626.390273, 22.730821, -3033.317238];
T[4,14] = [266.136015, -477.527776, 971.685873, 472.226046, 784.372934, -738.362062];
T[4,15] = [191.960623, -2018.573523, 2216.657841, 115.781257, 2258.879895, -307.741880];
T[4,17] = [855.363449, -41.278822, 79.117743, 308.075063, 1054.903238, -1163.438512];
T[4,18] = [865.603758, -161.844028, 150.622842, -527.268607, 1313.571301, -338.335151];
T[4,21] = [5176.904103, -1016.531573, 267.117786, -9412.061802, 3852.119646, 4235.157699];
T[4,22] = [1114.681426, 4584.317489, -936.940801, -4465.244307, 1667.024541, 3350.562882];
T[4,23] = [1360.771222, 485.653218, -162.276378, -2361.335035, 1264.531021, 1000.563812];
T[4,25] = [415.798411, 393.900314, -766.698826, 372.400365, 810.096873, -788.198776];
T[4,26] = [399.419893, 554.101994, -502.931625, -287.378612, 903.370076, -112.041282];
T[4,27] = [-218.880615, 1220.837597, -1398.224257, 265.665050, 1148.015705, -46.784435];
T[4,28] = [282.536195, 133.785266, -416.993037, 336.268410, 341.579403, -618.804605];
T[5,5] = [-0.000000, 0.000000, 0.000000, -0.000000, 0.000000, -51092974.600725];
T[5,7] = [883.344840, -2806.079547, -1061.510355, -2604.318844, -1909.462413, 1720.974004];
T[5,8] = [2623.777274, -448.560570, -294.509465, -2890.912462, -3644.554631, 267.135188];
T[5,9] = [757.425212, -1062.237451, -1190.025416, -171.607975, -1819.234256, -585.817238];
T[5,11] = [3590.408484, 1904.791804, 3763.868605, 2179.373746, -5407.857191, -5769.782230];
T[5,12] = [2074.988390, -251.138738, -880.204702, 1716.153044, -1710.586496, -3791.141434];
T[5,14] = [1590.824225, -422.909637, 1585.911139, 1682.759313, 1422.873545, -3273.583537];
T[5,15] = [7575.717635, -4524.796726, 7721.212762, 3145.543614, 12376.649869, -10721.261248];
T[5,17] = [1017.783660, 326.822611, -994.993282, 962.161341, 1083.258815, -1979.945001];
T[5,18] = [1388.733474, 777.139509, -863.488343, -445.786760, 2354.968208, -942.946715];
T[5,21] = [-341.221554, 18218.251121, -2479.406957, -12113.365156, 3406.664844, 12454.586709];
T[5,22] = [-3824.342819, 3914.329197, -162.131979, 796.653317, 92.568596, 3027.689501];
T[5,23] = [431.630721, 2908.966648, -840.578025, -2321.328908, 1327.682214, 1889.698186];
T[5,25] = [-231.460356, 337.379725, -1097.192886, 658.760488, 368.830377, -427.300132];
T[5,26] = [-237.745177, 791.872620, -852.563587, 167.786413, 661.763237, 69.958764];
T[5,27] = [-1189.540364, 655.112231, -1112.167276, 781.017437, 335.994329, 408.522927];
T[5,28] = [-244.182382, -65.302407, -445.455707, 298.475879, -52.850677, -54.293497];
T[7,7] = [-0.000000, 0.000000, 0.000000, -0.000000, 0.000000, -51092974.600725];
T[7,8] = [-34180.103063, -2923.468830, 33411.072346, 26236.332586, 1612.948320, 7943.770477];
T[7,9] = [18338.477995, 299.656923, -1443.084657, 16100.513920, 10967.443395, -34438.991916];
T[7,11] = [-2185.693579, -3681.934977, 2715.169927, 505.612550, 1898.497723, 1680.081029];
T[7,12] = [2009.408276, -1899.251268, 2324.456776, -185.450423, 4027.722516, -1823.957853];
T[7,14] = [170.241342, -833.182103, 510.324038, -462.373301, 739.600055, 292.131959];
T[7,15] = [293.861206, -1363.798932, 234.454538, -1300.100828, 408.564237, 1006.239622];
T[7,17] = [783.358811, -168.034544, 113.298918, -838.687017, 1105.293887, 55.328205];
T[7,18] = [515.354915, -175.531806, 56.573840, -902.599572, 463.905486, 387.244657];
T[7,21] = [1030.395688, -295.041907, -57.386587, -1974.711497, -590.083814, 944.315809];
T[7,22] = [769.060879, 682.279115, 155.784661, -1588.834685, -580.205862, 819.773806];
T[7,23] = [518.399936, 66.190044, 2.811995, -1036.799873, -66.190044, 518.399936];
T[7,25] = [501.531824, 638.296670, -410.441357, -678.764404, 938.468617, 177.232580];
T[7,26] = [353.902261, 377.929123, -117.694191, -712.978519, 369.713272, 359.076257];
T[7,27] = [216.836527, 1114.979629, -267.801112, -990.074976, 449.449153, 773.238450];
T[7,28] = [288.309243, 219.177290, -60.353167, -561.364259, 248.619016, 273.055016];
T[8,8] = [-0.000000, 0.000000, 0.000000, -0.000000, 0.000000, -51092974.600725];
T[8,9] = [-18742.259568, 7820.954860, -25985.753245, 17484.739729, 5370.389004, 1257.519839];
T[8,11] = [2185.214028, -16369.385127, 4948.883876, -12615.995664, 7668.540780, 10430.781636];
T[8,12] = [6808.562791, 1809.398879, -1548.248525, -5025.214625, 10357.248755, -1783.348166];
T[8,14] = [1004.014203, -1052.371122, 441.835204, -1802.308790, 1325.505612, 798.294587];
T[8,15] = [1420.174082, -1075.343619, -23.837666, -3081.690141, -105.196658, 1661.516060];
T[8,17] = [877.606881, 533.279500, -266.639750, -1302.716231, 1151.883720, 425.109350];
T[8,18] = [580.416578, 230.485348, -42.682472, -1131.565175, 322.679487, 551.148597];
T[8,21] = [818.490692, 498.730942, 184.080949, -1423.117547, -866.482041, 604.626855];
T[8,22] = [206.162850, 749.958487, 302.558360, -640.948490, -518.353660, 434.785640];
T[8,23] = [363.453531, 353.860371, 61.998677, -788.491867, -219.352043, 425.038336];
T[8,25] = [-16.492186, 861.946950, -397.821669, -419.311741, 501.496407, 435.803927];
T[8,26] = [109.156948, 514.543825, -90.112754, -487.394962, 156.396299, 378.238014];
T[8,27] = [-246.258116, 888.385907, -50.049910, -344.924538, 52.906357, 591.182654];
T[8,28] = [-32.237505, 314.963244, 4.683468, -183.660443, -5.942703, 215.897948];
T[9,9] = [-0.000000, 0.000000, 0.000000, -0.000000, 0.000000, -51092974.600725];
T[9,11] = [-5530.304494, -5367.108009, -1941.294386, 1505.082869, -1048.745243, 4025.221625];
T[9,12] = [347.747495, -16382.063319, 6331.717724, -9559.733683, 8529.504042, 9211.986188];
T[9,14] = [-130.832973, -1733.340926, 296.870545, -1018.326292, 382.445329, 1149.159265];
T[9,15] = [209.865650, -1585.303493, -473.477310, -1223.650493, -733.694179, 1013.784843];
T[9,17] = [1556.620630, -555.441246, 156.520850, -2828.761152, 1255.297217, 1272.140522];
T[9,18] = [714.023591, -311.940754, 1.163958, -1471.664568, 8.318420, 757.640978];
T[9,21] = [843.121807, -216.115556, -136.624777, -974.879072, -1165.328978, 131.757265];
T[9,22] = [654.328612, 426.708084, 285.452994, -747.456090, -1017.803710, 93.127478];
T[9,23] = [524.165486, 50.916318, 18.539217, -865.684416, -506.738594, 341.518930];
T[9,25] = [710.824081, 1617.808403, -373.986877, -1993.110382, 799.916377, 1282.286301];
T[9,26] = [458.627210, 584.514007, 3.247300, -1110.955566, -9.796324, 652.328355];
T[9,27] = [168.911682, 1478.643039, 295.728608, -1192.561455, -461.710672, 1023.649773];
T[9,28] = [377.730412, 276.820956, 124.453119, -612.791850, -477.739392, 235.061438];
T[11,11] = [-0.000000, 0.000000, 0.000000, -0.000000, 0.000000, -51092974.600725];
T[11,12] = [-15522.909219, 5576.659455, -28897.235358, 19088.591477, 4540.994128, -3565.682258];
T[11,14] = [7628.454859, -1663.432189, 850.533201, -10601.933983, 9398.391869, 2973.479124];
T[11,15] = [8261.534846, 1907.927483, 497.365711, -15081.181176, -6125.451392, 6819.646330];
T[11,17] = [90.920383, 2743.615092, -1730.587981, -1063.288379, 2132.478081, 972.367996];
T[11,18] = [654.361687, 1608.931745, -215.881981, -2004.832172, 458.459046, 1350.470485];
T[11,21] = [418.891405, 1602.641205, 1221.059965, -680.062564, -1709.483952, 261.171159];
T[11,22] = [-393.633381, 890.383937, 726.844031, 82.808453, -557.942937, 310.824929];
T[11,23] = [139.259945, 955.218137, 348.555348, -705.335129, -535.193141, 566.075184];
T[11,25] = [-950.333576, 990.165714, -568.127868, 291.422420, 314.338322, 658.911156];
T[11,26] = [-360.782842, 841.919879, -101.283594, -195.818146, 91.845805, 556.600988];
T[11,27] = [-892.601921, 754.933381, 83.221003, 262.037448, -41.124776, 630.564473];
T[11,28] = [-364.503315, 174.699077, 100.857199, 164.762792, -30.288385, 199.740523];
T[12,12] = [-0.000000, 0.000000, 0.000000, -0.000000, 0.000000, -51092974.600725];
T[12,14] = [-1283.354732, -10569.584759, -53.113491, -5931.117176, -66.059905, 7214.471909];
T[12,15] = [2274.773877, -3782.001393, -3121.935113, -2192.947479, -5469.836726, -81.826398];
T[12,17] = [5646.473443, 5834.297924, -1225.692841, -12170.266748, 4108.660510, 6523.793305];
T[12,18] = [2080.990726, 772.748969, 126.374496, -4089.696681, -1024.732329, 2008.705955];
T[12,21] = [1307.572582, 418.592070, 520.162205, -211.230704, -2021.201710, -1096.341878];
T[12,22] = [287.518418, 702.094185, 913.754931, 128.873770, -1022.803874, -416.392187];
T[12,23] = [685.538510, 592.506531, 392.121111, -824.682079, -1134.942088, 139.143570];
T[12,25] = [-2128.269641, 3250.832065, -380.728080, -118.233599, 280.802770, 2246.503240];
T[12,26] = [-148.028770, 1498.617389, 262.357421, -838.757558, -329.695826, 986.786328];
T[12,27] = [-1168.533281, 1478.265815, 904.800628, 297.534047, -561.266700, 870.999234];
T[12,28] = [-233.479592, 296.229076, 671.452573, 367.913995, -275.185481, -134.434402];
T[14,14] = [-0.000000, 0.000000, 0.000000, -0.000000, 0.000000, -51092974.600725];
T[14,15] = [18017.448050, 1000.056143, 13385.366836, 20684.264431, -4461.788945, -38701.712480];
T[14,17] = [-15556.600622, 4097.936111, -5358.839530, 8023.930847, 904.739141, 7532.669775];
T[14,18] = [-3807.763167, 8029.186386, 2768.684961, -1083.878934, -2338.597976, 4891.642102];
T[14,21] = [128.610265, 494.586887, 2283.229874, 1529.920139, -724.677308, -1658.530403];
T[14,22] = [-506.566625, 229.413232, 1109.354394, 718.363877, -200.950052, -211.797253];
T[14,23] = [-382.411296, 1147.251807, 1466.534149, 446.525799, -1029.487549, -64.114503];
T[14,25] = [-2409.061341, 180.822854, -212.270306, 1206.236064, 10.590493, 1202.825277];
T[14,26] = [-1526.426235, 968.138532, 353.533734, 600.877285, -136.802184, 925.548950];
T[14,27] = [-1272.647615, 122.473411, 523.295485, 701.626280, -32.338485, 571.021335];
T[14,28] = [-158.246450, -105.515826, 143.807860, 95.478277, 51.988847, 62.768173];
T[15,15] = [-0.000000, 0.000000, 0.000000, -0.000000, 0.000000, -51092974.600725];
T[15,17] = [-1167.203441, 779.419393, -6744.975516, 4482.962623, 913.382101, -3315.759183];
T[15,18] = [-1755.741445, 8399.256313, -5947.299501, -1140.955994, 5733.624070, 2896.697439];
T[15,21] = [-4482.169283, 3600.985674, 9782.677747, 5849.768758, -3073.092486, -1367.599475];
T[15,22] = [-2376.612123, 678.940254, 2025.505093, 1630.378859, -333.874466, 746.233264];
T[15,23] = [-2234.872436, 3928.214626, 1914.757883, -15.611683, -1448.809197, 2250.484119];
T[15,25] = [-1697.439087, 68.076735, -1368.342382, 1173.785955, 32.425175, 523.653132];
T[15,26] = [-1740.072537, 1149.809803, -759.571324, 743.046550, 297.694224, 997.025987];
T[15,27] = [-1945.049820, 118.241079, -195.097780, 976.639461, 7.882739, 968.410359];
T[15,28] = [-349.411956, -262.933349, -9.596108, 115.538398, -4.324562, 233.873557];
T[17,17] = [-0.000000, 0.000000, 0.000000, -0.000000, 0.000000, -51092974.600725];
T[17,18] = [20513.860351, -7089.801886, -5829.392662, -16458.143558, -31478.720373, -4055.716792];
T[17,21] = [2032.940424, -1.366926, -15.599037, 1986.505147, -530.367244, -4019.445571];
T[17,22] = [762.763865, 127.199814, 1511.433086, 1381.101129, -298.771657, -2143.864994];
T[17,23] = [2072.816492, 618.316171, 1150.854376, 819.974933, -2804.194465, -2892.791425];
T[17,25] = [-18840.408409, -1981.538267, 2972.307401, 9506.358042, 206.769210, 9334.050367];
T[17,26] = [-4085.572703, 5410.770323, 4515.463003, 1544.307385, -2740.826889, 2541.265318];
T[17,27] = [-2965.357191, -110.232270, 3527.432625, 2599.189603, 69.850151, 366.167588];
T[17,28] = [191.092477, -209.814414, 283.185099, 29.904530, 412.135457, -220.997008];
T[18,18] = [-0.000000, 0.000000, 0.000000, -0.000000, 0.000000, -51092974.600725];
T[18,21] = [4548.804177, -385.633892, 1057.629585, 3017.563992, 4450.857835, -7566.368169];
T[18,22] = [331.503814, -1073.556542, 3114.376899, 1875.068450, 1596.710999, -2206.572264];
T[18,23] = [4623.762559, 1837.883901, 10205.092187, 8539.341966, -4039.515657, -13163.104525];
T[18,25] = [-4260.002991, -4936.740024, -2844.346901, 1153.551372, -1684.299537, 3106.451620];
T[18,26] = [-14632.447162, 345.758223, 432.197779, 7317.754991, -6.806264, 7314.692172];
T[18,27] = [-3447.267620, -2534.296805, 1455.872632, 1358.679289, 625.847686, 2088.588332];
T[18,28] = [111.132440, -215.549100, 78.841785, -258.631465, 171.495269, 147.499025];
T[21,21] = [-0.000000, 0.000000, 0.000000, -0.000000, 0.000000, -51092974.600725];
T[21,22] = [-45227.104891, -0.000000, 6301.229472, 22904.938779, -0.000000, 22322.166111];
T[21,23] = [11297.514142, 25486.254759, -12101.387152, -24703.603317, 23362.400196, 13406.089176];
T[21,25] = [220.571170, -270.311631, -1967.868673, 1410.901894, -425.945600, -1631.473064];
T[21,26] = [-353.597968, 1232.176075, -3191.922786, 1782.939223, 1457.182141, -1429.341255];
T[21,27] = [-2725.524614, -686.575640, -3364.220638, 2402.111352, -442.660610, 323.413262];
T[21,28] = [200.194065, -322.196898, -274.766897, -176.698582, -479.018396, -23.495484];
T[22,22] = [-0.000000, 0.000000, 0.000000, -0.000000, 0.000000, -51092974.600725];
T[22,23] = [2710.040247, -20226.610857, 11932.245254, -10429.548828, 16421.604854, 7719.508581];
T[22,25] = [1923.710927, -119.398204, -907.426351, 1959.283357, -782.264096, -3882.994284];
T[22,26] = [3565.441303, 731.871118, -2007.417925, 2614.559128, 3697.875125, -6180.000432];
T[22,27] = [1433.258034, -1843.463942, -9770.358891, 6907.712690, -2983.315692, -8340.970724];
T[22,28] = [353.741371, 191.608784, 178.964549, -217.016130, -587.600270, -136.725241];
T[23,23] = [-0.000000, 0.000000, 0.000000, -0.000000, 0.000000, -51092974.600725];
T[23,25] = [1022.839294, -1246.731891, -1965.746580, 589.712911, -2336.642161, -1612.552205];
T[23,26] = [-618.468235, -1573.111439, -9531.204601, 6353.355506, -2051.018712, -5734.887271];
T[23,27] = [-2083.016582, -4420.436027, -3210.372533, 235.668594, -2476.968463, 1847.347988];
T[23,28] = [188.510994, -64.956747, -19.719013, -335.891202, -161.599713, 147.380208];
T[25,25] = [-0.000000, 0.000000, 0.000000, -0.000000, 0.000000, -51092974.600725];
T[25,26] = [20509.318791, -293.558446, -174.241142, -24990.346426, -27007.377039, 4481.027635];
T[25,27] = [10213.972117, 1266.194891, 21272.074160, 19283.743463, -2913.982762, -29497.715579];
T[25,28] = [187.803921, 303.724414, -404.965885, 53.241364, 504.491399, -241.045285];
T[26,26] = [-0.000000, 0.000000, 0.000000, -0.000000, 0.000000, -51092974.600725];
T[26,27] = [10171.496768, -20658.746985, 10828.032902, -19765.395764, 21217.091498, 9593.898996];
T[26,28] = [142.250986, 202.016144, -69.568474, -300.927862, 179.569906, 158.676876];
T[27,27] = [-0.000000, 0.000000, 0.000000, -0.000000, 0.000000, -51092974.600725];
T[27,28] = [-432.490318, 818.600464, -145.992440, -109.494330, 120.004257, 541.984647];
T[28,28] = [-0.000000, 0.000000, 0.000000, -0.000000, 0.000000, -3691774.380070];
T[28,28] = [-1128346.065520, 116135.029268, -722174.438551, 102447.561675, 973556.722513, 1025898.503845];
